-128 0 111 57 -27 -35 -96 26 -103 91 84 52 
-128 0 111 69 -27 -35 -89 -102 -103 91 84 52 
-128 0 111 90 -27 -35 -76 -70 -103 91 84 52 
-128 0 111 91 -27 -35 -75 90 -103 91 84 52 
-128 0 111 92 -27 -35 -75 -6 -103 91 84 52 
-128 0 111 93 -27 -35 -74 -102 -103 91 84 52 
-128 0 111 94 -27 -35 -73 58 -103 91 84 52 
-128 0 111 95 -27 -35 -73 -38 -103 91 84 52 
-128 0 111 96 -27 -35 -72 122 -103 91 84 52 
-128 0 111 97 -27 -35 -71 26 -103 91 84 52 
-128 0 111 98 -27 -35 -71 -70 -103 91 84 52 
-128 0 111 99 -27 -35 -70 90 -103 91 84 52 
-128 0 111 100 -27 -35 -70 -6 -103 91 84 52 
-128 0 111 101 -27 -35 -69 -102 -103 91 84 52 
-128 0 111 102 -27 -35 -68 58 -103 91 84 52 
-128 0 111 103 -27 -35 -68 -38 -103 91 84 52 
-128 0 111 104 -27 -35 -67 122 -103 91 84 52 
-128 0 111 105 -27 -35 -66 26 -103 91 84 52 
-128 0 111 106 -27 -35 -66 -70 -103 91 84 52 
-128 0 111 107 -27 -35 -65 90 -103 91 84 52 
-128 0 111 108 -27 -35 -65 -6 -103 91 84 52 
-128 0 111 109 -27 -35 -64 -102 -103 91 84 52 
-128 0 111 110 -27 -35 -63 58 -103 91 84 52 
-128 0 111 111 -27 -35 -63 -38 -103 91 84 52 
-128 0 111 112 -27 -35 -62 122 -103 91 84 52 
-128 0 111 113 -27 -35 -61 26 -103 91 84 52 
-128 0 111 114 -27 -35 -61 -70 -103 91 84 52 
-128 0 111 115 -27 -35 -60 90 -103 91 84 52 
-128 0 111 116 -27 -35 -60 -6 -103 91 84 52 
-128 0 111 117 -27 -35 -59 -102 -103 91 84 52 
-128 0 111 118 -27 -35 -58 58 -103 91 84 52 
-128 0 111 119 -27 -35 -58 -38 -103 91 84 52 
-128 0 111 120 -27 -35 -57 122 -103 91 84 52 
-128 0 111 121 -27 -35 -56 26 -103 91 84 52 
-128 0 111 122 -27 -35 -56 -70 -103 91 84 52 
-128 0 111 123 -27 -35 -55 90 -103 91 84 52 
-128 0 111 124 -27 -35 -55 -6 -103 91 84 52 
-128 0 111 125 -27 -35 -54 -102 -103 91 84 52 
-128 0 111 126 -27 -35 -53 58 -103 91 84 52 
-128 0 111 127 -27 -35 -53 -38 -103 91 84 52 
-128 0 111 -128 -27 -35 -52 122 -103 91 84 52 
-128 0 111 -127 -27 -35 -51 26 -103 91 84 52 
-128 0 111 -126 -27 -35 -51 -70 -103 91 84 52 
-128 0 111 -125 -27 -35 -50 90 -103 91 84 52 
-128 0 111 -124 -27 -35 -50 -6 -103 91 84 52 
-128 0 111 -123 -27 -35 -49 -102 -103 91 84 52 
-128 0 111 -122 -27 -35 -48 58 -103 91 84 52 
-128 0 111 -121 -27 -35 -48 -38 -103 91 84 52 
-128 0 111 -120 -27 -35 -47 122 -103 91 84 52 
-128 0 111 -119 -27 -35 -46 26 -103 91 84 52 
-128 0 111 -118 -27 -35 -46 -70 -103 91 84 52 
-128 0 111 -117 -27 -35 -45 90 -103 91 84 52 
-128 0 111 -116 -27 -35 -45 -6 -103 91 84 52 
-128 0 111 -115 -27 -35 -44 -102 -103 91 84 52 
-128 0 111 -114 -27 -35 -43 58 -103 91 84 52 
-128 0 111 -113 -27 -35 -43 -38 -103 91 84 52 
-128 0 111 -112 -27 -35 -42 122 -103 91 84 52 
-128 0 111 -111 -27 -35 -41 26 -103 91 84 52 
-128 0 111 -110 -27 -35 -41 -70 -103 91 84 52 
-128 0 111 -109 -27 -35 -40 90 -103 91 84 52 
-128 0 111 -108 -27 -35 -40 -6 -103 91 84 52 
-128 0 111 -107 -27 -35 -39 -102 -103 91 84 52 
-128 0 111 -106 -27 -35 -38 58 -103 91 84 52 
-128 0 111 -105 -27 -35 -38 -38 -103 91 84 52 
-128 0 111 -104 -27 -35 -37 122 -103 91 84 52 
-128 0 111 -103 -27 -35 -36 26 -103 91 84 52 
-128 0 111 -102 -27 -35 -36 -70 -103 91 84 52 
-128 0 111 -101 -27 -35 -35 90 -103 91 84 52 
-128 0 111 -100 -27 -35 -35 -6 -103 91 84 52 
-128 0 111 -99 -27 -35 -34 -102 -103 91 84 52 
-128 0 111 -98 -27 -35 -33 58 -103 91 84 52 
-128 0 111 -97 -27 -35 -33 -38 -103 91 84 52 
-128 0 111 -96 -27 -35 -32 122 -103 91 84 52 
-128 0 111 -95 -27 -35 -31 26 -103 91 84 52 
-128 0 111 -94 -27 -35 -31 -70 -103 91 84 52 
-128 0 111 -93 -27 -35 -30 90 -103 91 84 52 
-128 0 111 -92 -27 -35 -30 -6 -103 91 84 52 
-128 0 111 -91 -27 -35 -29 -102 -103 91 84 52 
-128 0 111 -90 -27 -35 -28 58 -103 91 84 52 
-128 0 111 -89 -27 -35 -28 -38 -103 91 84 52 
-128 0 111 -88 -27 -35 -27 122 -103 91 84 52 
-128 0 111 -87 -27 -35 -26 26 -103 91 84 52 
-128 0 111 -86 -27 -35 -26 -70 -103 91 84 52 
-128 0 111 -85 -27 -35 -25 90 -103 91 84 52 
-128 0 111 -84 -27 -35 -25 -6 -103 91 84 52 
-128 0 111 -83 -27 -35 -24 -102 -103 91 84 52 
-128 0 111 -82 -27 -35 -23 58 -103 91 84 52 
-128 0 111 -81 -27 -35 -23 -38 -103 91 84 52 
-128 0 111 -80 -27 -35 -22 122 -103 91 84 52 
-128 0 111 -79 -27 -35 -21 26 -103 91 84 52 
-128 0 111 -78 -27 -35 -21 -70 -103 91 84 52 
-128 0 111 -77 -27 -35 -20 90 -103 91 84 52 
-128 0 111 -76 -27 -35 -20 -6 -103 91 84 52 
-128 0 111 -75 -27 -35 -19 -102 -103 91 84 52 
-128 0 111 -74 -27 -35 -18 58 -103 91 84 52 
-128 0 111 -73 -27 -35 -18 -38 -103 91 84 52 
-128 0 111 -72 -27 -35 -17 122 -103 91 84 52 
-128 0 111 -71 -27 -35 -16 26 -103 91 84 52 
-128 0 111 -70 -27 -35 -16 -70 -103 91 84 52 
-128 0 111 -69 -27 -35 -15 90 -103 91 84 52 
-128 0 111 -68 -27 -35 -15 -6 -103 91 84 52 
-128 0 111 -67 -27 -35 -14 -102 -103 91 84 52 
-128 0 111 -66 -27 -35 -13 58 -103 91 84 52 
-128 0 111 -65 -27 -35 -13 -38 -103 91 84 52 
-128 0 111 -64 -27 -35 -12 122 -103 91 84 52 
-128 0 111 -63 -27 -35 -11 26 -103 91 84 52 
-128 0 111 -62 -27 -35 -11 -70 -103 91 84 52 
-128 0 111 -61 -27 -35 -10 90 -103 91 84 52 
-128 0 111 -60 -27 -35 -10 -6 -103 91 84 52 
-128 0 111 -59 -27 -35 -9 -102 -103 91 84 52 
-128 0 111 -58 -27 -35 -8 58 -103 91 84 52 
-128 0 111 -57 -27 -35 -8 -38 -103 91 84 52 
-128 0 111 -56 -27 -35 -7 122 -103 91 84 52 
-128 0 111 -55 -27 -35 -6 26 -103 91 84 52 
-128 0 111 -54 -27 -35 -6 -70 -103 91 84 52 
-128 0 111 -53 -27 -35 -5 90 -103 91 84 52 
-128 0 111 -52 -27 -35 -5 -6 -103 91 84 52 
-128 0 111 -51 -27 -35 -4 -102 -103 91 84 52 
-128 0 111 -50 -27 -35 -3 58 -103 91 84 52 
-128 0 111 -49 -27 -35 -3 -38 -103 91 84 52 
-128 0 111 -48 -27 -35 -2 122 -103 91 84 52 
-128 0 111 -47 -27 -35 -1 26 -103 91 84 52 
-128 0 111 -46 -27 -35 -1 -70 -103 91 84 52 
-128 0 111 -45 -27 -34 0 90 -103 91 84 52 
-128 0 111 -44 -27 -34 0 -6 -103 91 84 52 
-128 0 111 -43 -27 -34 1 -102 -103 91 84 52 
-128 0 111 -42 -27 -34 2 58 -103 91 84 52 
-128 0 111 -41 -27 -34 2 -38 -103 91 84 52 
-128 0 111 -40 -27 -34 3 122 -103 91 84 52 
-128 0 111 -39 -27 -34 4 26 -103 91 84 52 
-128 0 111 -38 -27 -34 4 -70 -103 91 84 52 
-128 0 111 -37 -27 -34 5 90 -103 91 84 52 
-128 0 111 -36 -27 -34 5 -6 -103 91 84 52 
-128 0 111 -35 -27 -34 6 -102 -103 91 84 52 
-128 0 111 -34 -27 -34 7 58 -103 91 84 52 
-128 0 111 -33 -27 -34 7 -38 -103 91 84 52 
-128 0 111 -32 -27 -34 8 122 -103 91 84 52 
-128 0 111 -31 -27 -34 9 26 -103 91 84 52 
-128 0 111 -30 -27 -34 9 -70 -103 91 84 52 
-128 0 111 -29 -27 -34 10 90 -103 91 84 52 
-128 0 111 -28 -27 -34 10 -6 -103 91 84 52 
-128 0 111 -27 -27 -34 11 -102 -103 91 84 52 
-128 0 111 -26 -27 -34 12 58 -103 91 84 52 
-128 0 111 -25 -27 -34 12 -38 -103 91 84 52 
-128 0 111 -24 -27 -34 13 122 -103 91 84 52 
-128 0 111 -23 -27 -34 14 26 -103 91 84 52 
-128 0 111 -22 -27 -34 14 -70 -103 91 84 52 
-128 0 111 -21 -27 -34 15 90 -103 91 84 52 
-128 0 111 -20 -27 -34 15 -6 -103 91 84 52 
-128 0 111 -19 -27 -34 16 -102 -103 91 84 52 
-128 0 111 -18 -27 -34 17 58 -103 91 84 52 
-128 0 111 -17 -27 -34 17 -38 -103 91 84 52 
-128 0 111 -16 -27 -34 18 122 -103 91 84 52 
-128 0 111 -15 -27 -34 19 26 -103 91 84 52 
-128 0 111 -14 -27 -34 19 -70 -103 91 84 52 
-128 0 111 -13 -27 -34 20 90 -103 91 84 52 
-128 0 111 -12 -27 -34 20 -6 -103 91 84 52 
-128 0 111 -11 -27 -34 21 -102 -103 91 84 52 
-128 0 111 -10 -27 -34 22 58 -103 91 84 52 
-128 0 111 -9 -27 -34 22 -38 -103 91 84 52 
-128 0 111 -8 -27 -34 23 122 -103 91 84 52 
-128 0 111 -7 -27 -34 24 26 -103 91 84 52 
-128 0 111 -6 -27 -34 24 -70 -103 91 84 52 
-128 0 111 -5 -27 -34 25 90 -103 91 84 52 
-128 0 111 -4 -27 -34 25 -6 -103 91 84 52 
-128 0 111 -3 -27 -34 26 -102 -103 91 84 52 
-128 0 111 -2 -27 -34 27 58 -103 91 84 52 
-128 0 111 -1 -27 -34 27 -38 -103 91 84 52 
-128 0 112 0 -27 -34 28 122 -103 91 84 52 
-128 0 112 1 -27 -34 29 26 -103 91 84 52 
-128 0 112 2 -27 -34 29 -70 -103 91 84 52 
-128 0 112 3 -27 -34 30 90 -103 91 84 52 
-128 0 112 4 -27 -34 30 -6 -103 91 84 52 
-128 0 112 5 -27 -34 31 -102 -103 91 84 52 
-128 0 112 6 -27 -34 32 58 -103 91 84 52 
-128 0 112 7 -27 -34 32 -38 -103 91 84 52 
-128 0 112 8 -27 -34 33 122 -103 91 84 52 
-128 0 112 9 -27 -34 34 26 -103 91 84 52 
-128 0 112 10 -27 -34 34 -70 -103 91 84 52 
-128 0 112 11 -27 -34 35 90 -103 91 84 52 
-128 0 112 12 -27 -34 35 -6 -103 91 84 52 
-128 0 112 13 -27 -34 36 -102 -103 91 84 52 
-128 0 112 14 -27 -34 37 58 -103 91 84 52 
-128 0 112 15 -27 -34 37 -38 -103 91 84 52 
-128 0 112 16 -27 -34 38 122 -103 91 84 52 
-128 0 112 17 -27 -34 39 26 -103 91 84 52 
-128 0 112 18 -27 -34 39 -70 -103 91 84 52 
-128 0 112 19 -27 -34 40 90 -103 91 84 52 
-128 0 112 20 -27 -34 40 -6 -103 91 84 52 
-128 0 112 21 -27 -34 41 -102 -103 91 84 52 
-128 0 112 22 -27 -34 42 58 -103 91 84 52 
-128 0 112 23 -27 -34 42 -38 -103 91 84 52 
-128 0 112 24 -27 -34 43 122 -103 91 84 52 
-128 0 112 25 -27 -34 44 26 -103 91 84 52 
-128 0 112 26 -27 -34 44 -70 -103 91 84 52 
-128 0 112 27 -27 -34 45 90 -103 91 84 52 
-128 0 112 28 -27 -34 45 -6 -103 91 84 52 
-128 0 112 29 -27 -34 46 -102 -103 91 84 52 
-128 0 112 30 -27 -34 47 58 -103 91 84 52 
-128 0 112 31 -27 -34 47 -38 -103 91 84 52 
-128 0 112 32 -27 -34 48 122 -103 91 84 52 
-128 0 112 33 -27 -34 49 26 -103 91 84 52 
-128 0 112 34 -27 -34 49 -70 -103 91 84 52 
-128 0 112 35 -27 -34 50 90 -103 91 84 52 
-128 0 112 36 -27 -34 50 -6 -103 91 84 52 
-128 0 112 37 -27 -34 51 -102 -103 91 84 52 
-128 0 112 38 -27 -34 52 58 -103 91 84 52 
-128 0 112 39 -27 -34 52 -38 -103 91 84 52 
-128 0 112 40 -27 -34 53 122 -103 91 84 52 
-128 0 112 41 -27 -34 54 26 -103 91 84 52 
-128 0 112 42 -27 -34 54 -70 -103 91 84 52 
-128 0 112 43 -27 -34 55 90 -103 91 84 52 
-128 0 112 44 -27 -34 55 -6 -103 91 84 52 
-128 0 112 45 -27 -34 56 -102 -103 91 84 52 
-128 0 112 46 -27 -34 57 58 -103 91 84 52 
-128 0 112 47 -27 -34 57 -38 -103 91 84 52 
-128 0 112 48 -27 -34 58 122 -103 91 84 52 
-128 0 112 49 -27 -34 59 26 -103 91 84 52 
-128 0 112 50 -27 -34 59 -70 -103 91 84 52 
-128 0 112 51 -27 -34 60 90 -103 91 84 52 
-128 0 112 52 -27 -34 60 -6 -103 91 84 52 
-128 0 112 53 -27 -34 61 -102 -103 91 84 52 
-128 0 112 54 -27 -34 62 58 -103 91 84 52 
-128 0 112 55 -27 -34 62 -38 -103 91 84 52 
-128 0 112 56 -27 -34 63 122 -103 91 84 52 
-128 0 112 57 -27 -34 64 26 -103 91 84 52 
-128 0 112 58 -27 -34 64 -70 -103 91 84 52 
-128 0 112 59 -27 -34 65 90 -103 91 84 52 
-128 0 112 60 -27 -34 65 -6 -103 91 84 52 
-128 0 112 61 -27 -34 66 -102 -103 91 84 52 
-128 0 112 62 -27 -34 67 58 -103 91 84 52 
-128 0 112 63 -27 -34 67 -38 -103 91 84 52 
-128 0 112 64 -27 -34 68 122 -103 91 84 52 
-128 0 112 65 -27 -34 69 26 -103 91 84 52 
-128 0 112 66 -27 -34 69 -70 -103 91 84 52 
-128 0 112 67 -27 -34 70 90 -103 91 84 52 
-128 0 112 68 -27 -34 70 -6 -103 91 84 52 
-128 0 112 69 -27 -34 71 -102 -103 91 84 52 
-128 0 112 70 -27 -34 72 58 -103 91 84 52 
-128 0 112 71 -27 -34 72 -38 -103 91 84 52 
-128 0 112 72 -27 -34 73 122 -103 91 84 52 
-128 0 112 73 -27 -34 74 26 -103 91 84 52 
-128 0 112 74 -27 -34 74 -70 -103 91 84 52 
-128 0 112 75 -27 -34 75 90 -103 91 84 52 
-128 0 112 76 -27 -34 75 -6 -103 91 84 52 
-128 0 112 77 -27 -34 76 -102 -103 91 84 52 
-128 0 112 78 -27 -34 77 58 -103 91 84 52 
-128 0 112 79 -27 -34 77 -38 -103 91 84 52 
-128 0 112 80 -27 -34 78 122 -103 91 84 52 
-128 0 112 81 -27 -34 79 26 -103 91 84 52 
-128 0 112 82 -27 -34 79 -70 -103 91 84 52 
-128 0 112 83 -27 -34 80 90 -103 91 84 52 
-128 0 112 84 -27 -34 80 -6 -103 91 84 52 
-128 0 112 85 -27 -34 81 -102 -103 91 84 52 
-128 0 112 86 -27 -34 82 58 -103 91 84 52 
-128 0 112 87 -27 -34 82 -38 -103 91 84 52 
-128 0 112 88 -27 -34 83 122 -103 91 84 52 
-128 0 112 89 -27 -34 84 26 -103 91 84 52 
-128 0 112 90 -27 -34 84 -70 -103 91 84 52 
-128 0 112 91 -27 -34 85 90 -103 91 84 52 
-128 0 112 92 -27 -34 85 -6 -103 91 84 52 
-128 0 112 93 -27 -34 86 -102 -103 91 84 52 
-128 0 112 94 -27 -34 87 58 -103 91 84 52 
-128 0 112 95 -27 -34 87 -38 -103 91 84 52 
-128 0 112 96 -27 -34 88 122 -103 91 84 52 
-128 0 112 97 -27 -34 89 26 -103 91 84 52 
-128 0 112 98 -27 -34 89 -70 -103 91 84 52 
-128 0 112 99 -27 -34 90 90 -103 91 84 52 
-128 0 112 100 -27 -34 90 -6 -103 91 84 52 
-128 0 112 101 -27 -34 91 -102 -103 91 84 52 
-128 0 112 102 -27 -34 92 58 -103 91 84 52 
-128 0 112 103 -27 -34 92 -38 -103 91 84 52 
-128 0 112 104 -27 -34 93 122 -103 91 84 52 
-128 0 112 105 -27 -34 94 26 -103 91 84 52 
-128 0 112 106 -27 -34 94 -70 -103 91 84 52 
-128 0 112 107 -27 -34 95 90 -103 91 84 52 
-128 0 112 108 -27 -34 95 -6 -103 91 84 52 
-128 0 112 109 -27 -34 96 -102 -103 91 84 52 
-128 0 112 110 -27 -34 97 58 -103 91 84 52 
-128 0 112 111 -27 -34 97 -38 -103 91 84 52 
-128 0 112 112 -27 -34 98 122 -103 91 84 52 
-128 0 112 113 -27 -34 99 26 -103 91 84 52 
-128 0 112 114 -27 -34 99 -70 -103 91 84 52 
-128 0 112 115 -27 -34 100 90 -103 91 84 52 
-128 0 112 116 -27 -34 100 -6 -103 91 84 52 
-128 0 112 117 -27 -34 101 -102 -103 91 84 52 
-128 0 112 118 -27 -34 102 58 -103 91 84 52 
-128 0 112 119 -27 -34 102 -38 -103 91 84 52 
-128 0 112 120 -27 -34 103 122 -103 91 84 52 
-128 0 112 121 -27 -34 104 26 -103 91 84 52 
-128 0 112 122 -27 -34 104 -70 -103 91 84 52 
-128 0 112 123 -27 -34 105 90 -103 91 84 52 
-128 0 112 124 -27 -34 105 -6 -103 91 84 52 
-128 0 112 125 -27 -34 106 -102 -103 91 84 52 
-128 0 112 126 -27 -34 107 58 -103 91 84 52 
-128 0 112 127 -27 -34 107 -38 -103 91 84 52 
-128 0 112 -128 -27 -34 108 122 -103 91 84 52 
-128 0 112 -127 -27 -34 109 26 -103 91 84 52 
-128 0 112 -126 -27 -34 109 -70 -103 91 84 52 
-128 0 112 -125 -27 -34 110 90 -103 91 84 52 
-128 0 112 -124 -27 -34 110 -6 -103 91 84 52 
-128 0 112 -123 -27 -34 111 -102 -103 91 84 52 
-128 0 112 -122 -27 -34 112 58 -103 91 84 52 
-128 0 112 -121 -27 -34 112 -38 -103 91 84 52 
-128 0 112 -120 -27 -34 113 122 -103 91 84 52 
-128 0 112 -119 -27 -34 114 26 -103 91 84 52 
-128 0 112 -118 -27 -34 114 -70 -103 91 84 52 
-128 0 112 -117 -27 -34 115 90 -103 91 84 52 
-128 0 112 -116 -27 -34 115 -6 -103 91 84 52 
-128 0 112 -115 -27 -34 116 -102 -103 91 84 52 
-128 0 112 -114 -27 -34 117 58 -103 91 84 52 
-128 0 112 -113 -27 -34 117 -38 -103 91 84 52 
-128 0 112 -112 -27 -34 118 122 -103 91 84 52 
-128 0 112 -111 -27 -34 119 26 -103 91 84 52 
-128 0 112 -110 -27 -34 119 -70 -103 91 84 52 
-128 0 112 -109 -27 -34 120 90 -103 91 84 52 
-128 0 112 -108 -27 -34 120 -6 -103 91 84 52 
-128 0 112 -107 -27 -34 121 -102 -103 91 84 52 
-128 0 112 -106 -27 -34 122 58 -103 91 84 52 
-128 0 112 -105 -27 -34 122 -38 -103 91 84 52 
-128 0 112 -104 -27 -34 123 122 -103 91 84 52 
-128 0 112 -103 -27 -34 124 26 -103 91 84 52 
-128 0 112 -102 -27 -34 124 -70 -103 91 84 52 
-128 0 112 -101 -27 -34 125 90 -103 91 84 52 
-128 0 112 -100 -27 -34 125 -6 -103 91 84 52 
-128 0 112 -99 -27 -34 126 -102 -103 91 84 52 
-128 0 112 -98 -27 -34 127 58 -103 91 84 52 
-128 0 112 -97 -27 -34 127 -38 -103 91 84 52 
-128 0 112 -96 -27 -34 -128 122 -103 91 84 52 
-128 0 112 -95 -27 -34 -127 26 -103 91 84 52 
-128 0 112 -94 -27 -34 -127 -70 -103 91 84 52 
-128 0 112 -93 -27 -34 -126 90 -103 91 84 52 
-128 0 112 -92 -27 -34 -126 -6 -103 91 84 52 
-128 0 112 -91 -27 -34 -125 -102 -103 91 84 52 
-128 0 112 -90 -27 -34 -124 58 -103 91 84 52 
-128 0 112 -89 -27 -34 -124 -38 -103 91 84 52 
-128 0 112 -88 -27 -34 -123 122 -103 91 84 52 
-128 0 112 -87 -27 -34 -122 26 -103 91 84 52 
-128 0 112 -86 -27 -34 -122 -70 -103 91 84 52 
-128 0 112 -85 -27 -34 -121 90 -103 91 84 52 
-128 0 112 -84 -27 -34 -121 -6 -103 91 84 52 
-128 0 112 -83 -27 -34 -120 -102 -103 91 84 52 
-128 0 112 -82 -27 -34 -119 58 -103 91 84 52 
-128 0 112 -81 -27 -34 -119 -38 -103 91 84 52 
-128 0 112 -80 -27 -34 -118 122 -103 91 84 52 
-128 0 112 -79 -27 -34 -117 26 -103 91 84 52 
-128 0 112 -78 -27 -34 -117 -70 -103 91 84 52 
-128 0 112 -77 -27 -34 -116 90 -103 91 84 52 
-128 0 112 -76 -27 -34 -116 -6 -103 91 84 52 
-128 0 112 -75 -27 -34 -115 -102 -103 91 84 52 
-128 0 112 -74 -27 -34 -114 58 -103 91 84 52 
-128 0 112 -73 -27 -34 -114 -38 -103 91 84 52 
-128 0 112 -72 -27 -34 -113 122 -103 91 84 52 
-128 0 112 -71 -27 -34 -112 26 -103 91 84 52 
-128 0 112 -70 -27 -34 -112 -70 -103 91 84 52 
-128 0 112 -69 -27 -34 -111 90 -103 91 84 52 
-128 0 112 -68 -27 -34 -111 -6 -103 91 84 52 
-128 0 112 -67 -27 -34 -110 -102 -103 91 84 52 
-128 0 112 -66 -27 -34 -109 58 -103 91 84 52 
-128 0 112 -65 -27 -34 -109 -38 -103 91 84 52 
-128 0 112 -64 -27 -34 -108 122 -103 91 84 52 
-128 0 112 -63 -27 -34 -107 26 -103 91 84 52 
-128 0 112 -62 -27 -34 -107 -70 -103 91 84 52 
-128 0 112 -61 -27 -34 -106 90 -103 91 84 52 
-128 0 112 -60 -27 -34 -106 -6 -103 91 84 52 
-128 0 112 -59 -27 -34 -105 -102 -103 91 84 52 
-128 0 112 -58 -27 -34 -104 58 -103 91 84 52 
-128 0 112 -57 -27 -34 -104 -38 -103 91 84 52 
-128 0 112 -56 -27 -34 -103 122 -103 91 84 52 
-128 0 112 -55 -27 -34 -102 26 -103 91 84 52 
-128 0 112 -54 -27 -34 -102 -70 -103 91 84 52 
-128 0 112 -53 -27 -34 -101 90 -103 91 84 52 
-128 0 112 -52 -27 -34 -101 -6 -103 91 84 52 
-128 0 112 -51 -27 -34 -100 -102 -103 91 84 52 
-128 0 112 -50 -27 -34 -99 58 -103 91 84 52 
-128 0 112 -49 -27 -34 -99 -38 -103 91 84 52 
-128 0 112 -48 -27 -34 -98 122 -103 91 84 52 
-128 0 112 -47 -27 -34 -97 26 -103 91 84 52 
-128 0 112 -46 -27 -34 -97 -70 -103 91 84 52 
-128 0 112 -45 -27 -34 -96 90 -103 91 84 52 
-128 0 112 -44 -27 -34 -96 -6 -103 91 84 52 
-128 0 112 -43 -27 -34 -95 -102 -103 91 84 52 
-128 0 112 -42 -27 -34 -94 58 -103 91 84 52 
-128 0 112 -41 -27 -34 -94 -38 -103 91 84 52 
-128 0 112 -40 -27 -34 -93 122 -103 91 84 52 
-128 0 112 -39 -27 -34 -92 26 -103 91 84 52 
-128 0 112 -38 -27 -34 -92 -70 -103 91 84 52 
-128 0 112 -37 -27 -34 -91 90 -103 91 84 52 
-128 0 112 -36 -27 -34 -91 -6 -103 91 84 52 
-128 0 112 -35 -27 -34 -90 -102 -103 91 84 52 
-128 0 112 -34 -27 -34 -89 58 -103 91 84 52 
-128 0 112 -33 -27 -34 -89 -38 -103 91 84 52 
-128 0 112 -32 -27 -34 -88 122 -103 91 84 52 
-128 0 112 -31 -27 -34 -87 26 -103 91 84 52 
-128 0 112 -30 -27 -34 -87 -70 -103 91 84 52 
-128 0 112 -29 -27 -34 -86 90 -103 91 84 52 
-128 0 112 -28 -27 -34 -86 -6 -103 91 84 52 
-128 0 112 -27 -27 -34 -85 -102 -103 91 84 52 
-128 0 112 -26 -27 -34 -84 58 -103 91 84 52 
-128 0 112 -25 -27 -34 -84 -38 -103 91 84 52 
-128 0 112 -24 -27 -34 -83 122 -103 91 84 52 
-128 0 112 -23 -27 -34 -82 26 -103 91 84 52 
-128 0 112 -22 -27 -34 -82 -70 -103 91 84 52 
-128 0 112 -21 -27 -34 -81 90 -103 91 84 52 
-128 0 112 -20 -27 -34 -81 -6 -103 91 84 52 
-128 0 112 -19 -27 -34 -80 -102 -103 91 84 52 
-128 0 112 -18 -27 -34 -79 58 -103 91 84 52 
-128 0 112 -17 -27 -34 -79 -38 -103 91 84 52 
-128 0 112 -16 -27 -34 -78 122 -103 91 84 52 
-128 0 112 -15 -27 -34 -77 26 -103 91 84 52 
-128 0 112 -14 -27 -34 -77 -70 -103 91 84 52 
-128 0 112 -13 -27 -34 -76 90 -103 91 84 52 
-128 0 112 -12 -27 -34 -76 -6 -103 91 84 52 
-128 0 112 -11 -27 -34 -75 -102 -103 91 84 52 
-128 0 112 -10 -27 -34 -74 58 -103 91 84 52 
-128 0 112 -9 -27 -34 -74 -38 -103 91 84 52 
-128 0 112 -8 -27 -34 -73 122 -103 91 84 52 
-128 0 112 -7 -27 -34 -72 26 -103 91 84 52 
-128 0 112 -6 -27 -34 -72 -70 -103 91 84 52 
-128 0 112 -5 -27 -34 -71 90 -103 91 84 52 
-128 0 112 -4 -27 -34 -71 -6 -103 91 84 52 
-128 0 112 -3 -27 -34 -70 -102 -103 91 84 52 
-128 0 112 -2 -27 -34 -69 58 -103 91 84 52 
-128 0 112 -1 -27 -34 -69 -38 -103 91 84 52 
-128 0 113 0 -27 -34 -68 122 -103 91 84 52 
-128 0 113 1 -27 -34 -67 26 -103 91 84 52 
-128 0 113 2 -27 -34 -67 -70 -103 91 84 52 
-128 0 113 3 -27 -34 -66 90 -103 91 84 52 
-128 0 113 4 -27 -34 -66 -6 -103 91 84 52 
-128 0 113 5 -27 -34 -65 -102 -103 91 84 52 
-128 0 113 6 -27 -34 -64 58 -103 91 84 52 
-128 0 113 7 -27 -34 -64 -38 -103 91 84 52 
-128 0 113 8 -27 -34 -63 122 -103 91 84 52 
-128 0 113 9 -27 -34 -62 26 -103 91 84 52 
-128 0 113 10 -27 -34 -62 -70 -103 91 84 52 
-128 0 113 11 -27 -34 -61 90 -103 91 84 52 
-128 0 113 12 -27 -34 -61 -6 -103 91 84 52 
-128 0 113 13 -27 -34 -60 -102 -103 91 84 52 
-128 0 113 14 -27 -34 -59 58 -103 91 84 52 
-128 0 113 15 -27 -34 -59 -38 -103 91 84 52 
-128 0 113 16 -27 -34 -58 122 -103 91 84 52 
-128 0 113 17 -27 -34 -57 26 -103 91 84 52 
-128 0 113 18 -27 -34 -57 -70 -103 91 84 52 
-128 0 113 19 -27 -34 -56 90 -103 91 84 52 
-128 0 113 20 -27 -34 -56 -6 -103 91 84 52 
-128 0 113 21 -27 -34 -55 -102 -103 91 84 52 
-128 0 113 22 -27 -34 -54 58 -103 91 84 52 
-128 0 113 23 -27 -34 -54 -38 -103 91 84 52 
-128 0 113 24 -27 -34 -53 122 -103 91 84 52 
-128 0 113 25 -27 -34 -52 26 -103 91 84 52 
-128 0 113 26 -27 -34 -52 -70 -103 91 84 52 
-128 0 113 27 -27 -34 -51 90 -103 91 84 52 
-128 0 113 28 -27 -34 -51 -6 -103 91 84 52 
-128 0 113 29 -27 -34 -50 -102 -103 91 84 52 
-128 0 113 30 -27 -34 -49 58 -103 91 84 52 
-128 0 113 31 -27 -34 -49 -38 -103 91 84 52 
-128 0 113 32 -27 -34 -48 122 -103 91 84 52 
-128 0 113 33 -27 -34 -47 26 -103 91 84 52 
-128 0 113 34 -27 -34 -47 -70 -103 91 84 52 
-128 0 113 35 -27 -34 -46 90 -103 91 84 52 
-128 0 113 36 -27 -34 -46 -6 -103 91 84 52 
-128 0 113 37 -27 -34 -45 -102 -103 91 84 52 
-128 0 113 38 -27 -34 -44 58 -103 91 84 52 
-128 0 113 39 -27 -34 -44 -38 -103 91 84 52 
-128 0 113 40 -27 -34 -43 122 -103 91 84 52 
-128 0 113 41 -27 -34 -42 26 -103 91 84 52 
-128 0 113 42 -27 -34 -42 -70 -103 91 84 52 
-128 0 113 43 -27 -34 -41 90 -103 91 84 52 
-128 0 113 44 -27 -34 -41 -6 -103 91 84 52 
-128 0 113 45 -27 -34 -40 -102 -103 91 84 52 
-128 0 113 46 -27 -34 -39 58 -103 91 84 52 
-128 0 113 47 -27 -34 -39 -38 -103 91 84 52 
-128 0 113 48 -27 -34 -38 122 -103 91 84 52 
-128 0 113 49 -27 -34 -37 26 -103 91 84 52 
-128 0 113 50 -27 -34 -37 -70 -103 91 84 52 
-128 0 113 51 -27 -34 -36 90 -103 91 84 52 
-128 0 113 52 -27 -34 -36 -6 -103 91 84 52 
-128 0 113 53 -27 -34 -35 -102 -103 91 84 52 
-128 0 113 54 -27 -34 -34 58 -103 91 84 52 
-128 0 113 55 -27 -34 -34 -38 -103 91 84 52 
-128 0 113 56 -27 -34 -33 122 -103 91 84 52 
-128 0 113 57 -27 -34 -32 26 -103 91 84 52 
-128 0 113 58 -27 -34 -32 -70 -103 91 84 52 
-128 0 113 59 -27 -34 -31 90 -103 91 84 52 
-128 0 113 60 -27 -34 -31 -6 -103 91 84 52 
-128 0 113 61 -27 -34 -30 -102 -103 91 84 52 
-128 0 113 62 -27 -34 -29 58 -103 91 84 52 
-128 0 113 63 -27 -34 -29 -38 -103 91 84 52 
-128 0 113 64 -27 -34 -28 122 -103 91 84 52 
-128 0 113 65 -27 -34 -27 26 -103 91 84 52 
-128 0 113 66 -27 -34 -27 -70 -103 91 84 52 
-128 0 113 67 -27 -34 -26 90 -103 91 84 52 
-128 0 113 68 -27 -34 -26 -6 -103 91 84 52 
-128 0 113 69 -27 -34 -25 -102 -103 91 84 52 
-128 0 113 70 -27 -34 -24 58 -103 91 84 52 
-128 0 113 71 -27 -34 -24 -38 -103 91 84 52 
-128 0 113 72 -27 -34 -23 122 -103 91 84 52 
-128 0 113 73 -27 -34 -22 26 -103 91 84 52 
-128 0 113 74 -27 -34 -22 -70 -103 91 84 52 
-128 0 113 75 -27 -34 -21 90 -103 91 84 52 
-128 0 113 76 -27 -34 -21 -6 -103 91 84 52 
-128 0 113 77 -27 -34 -20 -102 -103 91 84 52 
-128 0 113 78 -27 -34 -19 58 -103 91 84 52 
-128 0 113 79 -27 -34 -19 -38 -103 91 84 52 
-128 0 113 80 -27 -34 -18 122 -103 91 84 52 
-128 0 113 81 -27 -34 -17 26 -103 91 84 52 
-128 0 113 82 -27 -34 -17 -70 -103 91 84 52 
-128 0 113 83 -27 -34 -16 90 -103 91 84 52 
-128 0 113 84 -27 -34 -16 -6 -103 91 84 52 
-128 0 113 85 -27 -34 -15 -102 -103 91 84 52 
-128 0 113 86 -27 -34 -14 58 -103 91 84 52 
-128 0 113 87 -27 -34 -14 -38 -103 91 84 52 
-128 0 113 88 -27 -34 -13 122 -103 91 84 52 
-128 0 113 89 -27 -34 -12 26 -103 91 84 52 
-128 0 113 90 -27 -34 -12 -70 -103 91 84 52 
-128 0 113 91 -27 -34 -11 90 -103 91 84 52 
-128 0 113 92 -27 -34 -11 -6 -103 91 84 52 
-128 0 113 93 -27 -34 -10 -102 -103 91 84 52 
-128 0 113 94 -27 -34 -9 58 -103 91 84 52 
-128 0 113 95 -27 -34 -9 -38 -103 91 84 52 
-128 0 113 96 -27 -34 -8 122 -103 91 84 52 
-128 0 113 97 -27 -34 -7 26 -103 91 84 52 
-128 0 113 98 -27 -34 -7 -70 -103 91 84 52 
-128 0 113 99 -27 -34 -6 90 -103 91 84 52 
-128 0 113 100 -27 -34 -6 -6 -103 91 84 52 
-128 0 113 101 -27 -34 -5 -102 -103 91 84 52 
-128 0 113 102 -27 -34 -4 58 -103 91 84 52 
-128 0 113 103 -27 -34 -4 -38 -103 91 84 52 
-128 0 113 104 -27 -34 -3 122 -103 91 84 52 
-128 0 113 105 -27 -34 -2 26 -103 91 84 52 
-128 0 113 106 -27 -34 -2 -70 -103 91 84 52 
-128 0 113 107 -27 -34 -1 90 -103 91 84 52 
-128 0 113 108 -27 -34 -1 -6 -103 91 84 52 
-128 0 113 109 -27 -33 0 -102 -103 91 84 52 
-128 0 113 110 -27 -33 1 58 -103 91 84 52 
-128 0 113 111 -27 -33 1 -38 -103 91 84 52 
-128 0 113 112 -27 -33 2 122 -103 91 84 52 
-128 0 113 113 -27 -33 3 26 -103 91 84 52 
-128 0 113 114 -27 -33 3 -70 -103 91 84 52 
-128 0 113 115 -27 -33 4 90 -103 91 84 52 
-128 0 113 116 -27 -33 4 -6 -103 91 84 52 
-128 0 113 117 -27 -33 5 -102 -103 91 84 52 
-128 0 113 118 -27 -33 6 58 -103 91 84 52 
-128 0 113 119 -27 -33 6 -38 -103 91 84 52 
-128 0 113 120 -27 -33 7 122 -103 91 84 52 
-128 0 113 121 -27 -33 8 26 -103 91 84 52 
-128 0 113 122 -27 -33 8 -70 -103 91 84 52 
-128 0 113 123 -27 -33 9 90 -103 91 84 52 
-128 0 113 124 -27 -33 9 -6 -103 91 84 52 
-128 0 113 125 -27 -33 10 -102 -103 91 84 52 
-128 0 113 126 -27 -33 11 58 -103 91 84 52 
-128 0 113 127 -27 -33 11 -38 -103 91 84 52 
-128 0 113 -128 -27 -33 12 122 -103 91 84 52 
-128 0 113 -127 -27 -33 13 26 -103 91 84 52 
-128 0 113 -126 -27 -33 13 -70 -103 91 84 52 
-128 0 113 -125 -27 -33 14 90 -103 91 84 52 
-128 0 113 -124 -27 -33 14 -6 -103 91 84 52 
-128 0 113 -123 -27 -33 15 -102 -103 91 84 52 
-128 0 113 -122 -27 -33 16 58 -103 91 84 52 
-128 0 113 -121 -27 -33 16 -38 -103 91 84 52 
-128 0 113 -120 -27 -33 17 122 -103 91 84 52 
-128 0 113 -119 -27 -33 18 26 -103 91 84 52 
-128 0 113 -118 -27 -33 18 -70 -103 91 84 52 
-128 0 113 -117 -27 -33 19 90 -103 91 84 52 
-128 0 113 -116 -27 -33 19 -6 -103 91 84 52 
-128 0 113 -115 -27 -33 20 -102 -103 91 84 52 
-128 0 113 -114 -27 -33 21 58 -103 91 84 52 
-128 0 113 -113 -27 -33 21 -38 -103 91 84 52 
-128 0 113 -112 -27 -33 22 122 -103 91 84 52 
-128 0 113 -111 -27 -33 23 26 -103 91 84 52 
-128 0 113 -110 -27 -33 23 -70 -103 91 84 52 
-128 0 113 -109 -27 -33 24 90 -103 91 84 52 
-128 0 113 -108 -27 -33 24 -6 -103 91 84 52 
-128 0 113 -107 -27 -33 25 -102 -103 91 84 52 
-128 0 113 -106 -27 -33 26 58 -103 91 84 52 
-128 0 113 -105 -27 -33 26 -38 -103 91 84 52 
-128 0 113 -104 -27 -33 27 122 -103 91 84 52 
-128 0 113 -103 -27 -33 28 26 -103 91 84 52 
-128 0 113 -102 -27 -33 28 -70 -103 91 84 52 
-128 0 113 -101 -27 -33 29 90 -103 91 84 52 
-128 0 113 -100 -27 -33 29 -6 -103 91 84 52 
-128 0 113 -99 -27 -33 30 -102 -103 91 84 52 
-128 0 113 -98 -27 -33 31 58 -103 91 84 52 
-128 0 113 -97 -27 -33 31 -38 -103 91 84 52 
-128 0 113 -96 -27 -33 32 122 -103 91 84 52 
-128 0 113 -95 -27 -33 33 26 -103 91 84 52 
-128 0 113 -94 -27 -33 33 -70 -103 91 84 52 
-128 0 113 -93 -27 -33 34 90 -103 91 84 52 
-128 0 113 -92 -27 -33 34 -6 -103 91 84 52 
-128 0 113 -91 -27 -33 35 -102 -103 91 84 52 
-128 0 113 -90 -27 -33 36 58 -103 91 84 52 
-128 0 113 -89 -27 -33 36 -38 -103 91 84 52 
-128 0 113 -88 -27 -33 37 122 -103 91 84 52 
-128 0 113 -87 -27 -33 38 26 -103 91 84 52 
-128 0 113 -86 -27 -33 38 -70 -103 91 84 52 
-128 0 113 -85 -27 -33 39 90 -103 91 84 52 
-128 0 113 -84 -27 -33 39 -6 -103 91 84 52 
-128 0 113 -83 -27 -33 40 -102 -103 91 84 52 
-128 0 113 -82 -27 -33 41 58 -103 91 84 52 
-128 0 113 -81 -27 -33 41 -38 -103 91 84 52 
-128 0 113 -80 -27 -33 42 122 -103 91 84 52 
-128 0 113 -79 -27 -33 43 26 -103 91 84 52 
-128 0 113 -78 -27 -33 43 -70 -103 91 84 52 
-128 0 113 -77 -27 -33 44 90 -103 91 84 52 
-128 0 113 -76 -27 -33 44 -6 -103 91 84 52 
-128 0 113 -75 -27 -33 45 -102 -103 91 84 52 
-128 0 113 -74 -27 -33 46 58 -103 91 84 52 
-128 0 113 -73 -27 -33 46 -38 -103 91 84 52 
-128 0 113 -72 -27 -33 47 122 -103 91 84 52 
-128 0 113 -71 -27 -33 48 26 -103 91 84 52 
-128 0 113 -70 -27 -33 48 -70 -103 91 84 52 
-128 0 113 -69 -27 -33 49 90 -103 91 84 52 
-128 0 113 -68 -27 -33 49 -6 -103 91 84 52 
-128 0 113 -67 -27 -33 50 -102 -103 91 84 52 
-128 0 113 -66 -27 -33 51 58 -103 91 84 52 
-128 0 113 -65 -27 -33 51 -38 -103 91 84 52 
-128 0 113 -64 -27 -33 52 122 -103 91 84 52 
-128 0 113 -63 -27 -33 53 26 -103 91 84 52 
-128 0 113 -62 -27 -33 53 -70 -103 91 84 52 
-128 0 113 -61 -27 -33 54 90 -103 91 84 52 
-128 0 113 -60 -27 -33 54 -6 -103 91 84 52 
-128 0 113 -59 -27 -33 55 -102 -103 91 84 52 
-128 0 113 -58 -27 -33 56 58 -103 91 84 52 
-128 0 113 -57 -27 -33 56 -38 -103 91 84 52 
-128 0 113 -56 -27 -33 57 122 -103 91 84 52 
-128 0 113 -55 -27 -33 58 26 -103 91 84 52 
-128 0 113 -54 -27 -33 58 -70 -103 91 84 52 
-128 0 113 -53 -27 -33 59 90 -103 91 84 52 
-128 0 113 -52 -27 -33 59 -6 -103 91 84 52 
-128 0 113 -51 -27 -33 60 -102 -103 91 84 52 
-128 0 113 -50 -27 -33 61 58 -103 91 84 52 
-128 0 113 -49 -27 -33 61 -38 -103 91 84 52 
-128 0 113 -48 -27 -33 62 122 -103 91 84 52 
-128 0 113 -47 -27 -33 63 26 -103 91 84 52 
-128 0 113 -46 -27 -33 63 -70 -103 91 84 52 
-128 0 113 -45 -27 -33 64 90 -103 91 84 52 
-128 0 113 -44 -27 -33 64 -6 -103 91 84 52 
-128 0 113 -43 -27 -33 65 -102 -103 91 84 52 
-128 0 113 -42 -27 -33 66 58 -103 91 84 52 
-128 0 113 -41 -27 -33 66 -38 -103 91 84 52 
-128 0 113 -40 -27 -33 67 122 -103 91 84 52 
-128 0 113 -39 -27 -33 68 26 -103 91 84 52 
-128 0 113 -38 -27 -33 68 -70 -103 91 84 52 
-128 0 113 -37 -27 -33 69 90 -103 91 84 52 
-128 0 113 -36 -27 -33 69 -6 -103 91 84 52 
-128 0 113 -35 -27 -33 70 -102 -103 91 84 52 
-128 0 113 -34 -27 -33 71 58 -103 91 84 52 
-128 0 113 -33 -27 -33 71 -38 -103 91 84 52 
-128 0 113 -32 -27 -33 72 122 -103 91 84 52 
-128 0 113 -31 -27 -33 73 26 -103 91 84 52 
-128 0 113 -30 -27 -33 73 -70 -103 91 84 52 
-128 0 113 -29 -27 -33 74 90 -103 91 84 52 
-128 0 113 -28 -27 -33 74 -6 -103 91 84 52 
